0       0       0
1       A0      80
2       140     160
3       1E0     240
4       280     320
5       320     400
6       3C0     480
7       460     560
8       500     640
9       5A0     720
10      640     800
11      6E0     880
12      780     960
13      820     1040
14      8C0     1120
15      960     1200
16      A00     1280
17      AA0     1360
18      B40     1440
19      BE0     1520
20      C80     1600
21      D20     1680
22      DC0     1760
23      E60     1840
24      F00     1920
        FA0

